9 62 36
9 74 28
9 65 33
9 94 39
9 152 72
9 106 49
9 103 69
9 67 28
9 99 35
9 70 33
9 41 17
9 71 40
9 71 40
9 109 50
9 116 66
9 65 38
9 98 48
9 111 56
9 75 31
9 63 24
9 100 47
9 53 28
9 169 101
9 90 44
9 78 36
9 111 53
9 78 39
9 142 101
9 69 42
9 111 75
9 52 28
9 149 77
9 131 81
9 111 46
9 79 36
9 92 37
9 108 55
9 42 29
9 55 31
9 103 36
9 99 51
9 69 38
9 124 74
9 85 38
9 133 51
9 46 33
9 74 31
9 108 42
9 55 37
9 76 39
9 88 47
9 84 41
9 107 48
9 97 54
9 53 32
9 101 45
9 87 41
9 87 47
9 253 121
9 95 59
9 133 59
9 73 28
9 168 95
9 97 53
9 58 20
9 121 51
9 54 26
9 98 46
9 136 65
9 79 54
9 73 30
9 74 42
9 69 22
9 114 48
9 29 23
9 92 63
9 83 49
9 148 65
9 219 97
9 54 25
9 79 47
9 114 51
9 143 67
9 58 33
9 96 43
9 93 41
9 174 101
9 104 59
9 69 43
9 153 63
9 169 95
9 59 26
9 242 135
9 108 49
9 46 34
9 103 50
9 65 42
9 127 68
9 84 48
9 55 32
