3 97 45
3 66 32
3 59 26
3 42 22
3 79 44
3 43 28
3 76 53
3 99 43
3 119 58
3 37 29
3 53 25
3 13 9
3 37 26
3 63 25
3 120 47
3 46 25
3 26 12
3 111 48
3 116 45
3 30 17
3 32 15
3 33 13
3 118 53
3 58 33
3 75 40
3 39 19
3 22 14
3 110 44
3 94 48
3 31 18
3 11 16
3 68 40
3 15 6
3 142 85
3 220 110
3 74 43
3 27 17
3 120 63
3 69 39
3 108 72
3 27 18
3 75 34
3 109 64
3 19 15
3 28 11
3 33 18
3 104 56
3 57 34
3 43 19
3 51 28
3 36 15
3 45 31
3 88 63
3 39 21
3 16 7
3 20 7
3 37 12
3 80 31
3 66 34
3 54 28
3 24 21
3 70 36
3 55 16
3 91 47
3 83 52
3 20 11
3 5 3
3 49 13
3 83 43
3 55 26
3 48 24
3 41 21
3 29 12
3 48 31
3 207 97
3 43 16
3 44 36
3 40 19
3 16 5
3 40 13
3 51 26
3 41 14
3 58 29
3 12 8
3 41 23
3 99 47
3 195 88
3 16 4
3 66 37
3 13 17
3 59 31
3 36 25
3 74 38
3 102 74
3 52 29
3 73 42
3 71 39
3 53 26
3 29 18
3 17 12
