1 5 1
1 1 1
1 4 1
1 1 1
1 7 1
1 6 1
1 4 1
1 8 1
1 3 1
1 9 1
1 6 1
1 7 1
1 2 1
1 2 1
1 6 1
1 7 1
1 6 1
1 9 1
1 1 1
1 6 1
1 4 1
1 2 1
1 2 1
1 8 1
1 3 1
1 9 1
1 9 1
1 1 1
1 9 1
1 8 1
1 7 1
1 9 1
1 3 1
1 6 1
1 1 1
1 7 1
1 3 1
1 7 1
1 5 1
1 8 1
1 9 1
1 4 1
1 6 1
1 9 1
1 3 1
1 9 1
1 1 1
1 2 1
1 8 1
1 2 1
1 8 1
1 2 1
1 7 1
1 2 1
1 8 1
1 1 1
1 1 1
1 5 1
1 5 1
1 9 1
1 7 1
1 7 1
1 5 1
1 5 1
1 5 1
1 4 1
1 1 1
1 4 1
1 9 1
1 3 1
1 8 1
1 6 1
1 2 1
1 3 1
1 3 1
1 7 1
1 1 1
1 7 1
1 6 1
1 3 1
1 9 1
1 2 1
1 8 1
1 4 1
1 1 1
1 4 1
1 7 1
1 3 1
1 4 1
1 7 1
1 8 1
1 2 1
1 7 1
1 4 1
1 5 1
1 4 1
1 4 1
1 1 1
1 9 1
1 1 1
3 4 3
3 7 3
3 9 3
3 6 3
3 7 3
3 9 3
3 7 3
3 8 3
3 5 3
3 6 3
3 9 3
3 6 3
3 6 3
3 9 3
3 9 3
3 5 3
3 8 3
3 6 3
3 8 3
3 9 3
3 8 3
3 8 3
3 9 3
3 7 3
3 8 3
3 8 3
3 6 3
3 9 3
3 5 3
3 6 3
3 7 3
3 6 3
3 9 3
3 6 3
3 7 3
3 6 3
3 8 3
3 9 3
3 8 3
3 8 3
3 9 3
3 8 3
3 9 3
3 7 3
3 9 3
3 7 3
3 9 3
3 8 3
3 9 3
3 8 3
3 7 3
3 7 3
3 6 3
3 6 3
3 8 3
3 8 3
3 9 3
3 7 3
3 4 3
3 7 3
3 9 3
3 9 3
3 9 3
3 6 3
3 8 3
3 7 3
3 6 3
3 9 3
3 8 3
3 9 3
3 6 3
3 8 3
3 5 3
3 8 3
3 9 3
3 9 3
3 7 3
3 9 3
3 9 3
3 9 3
3 8 3
3 9 3
3 9 3
3 8 3
3 9 3
3 9 3
3 8 3
3 7 3
3 9 3
3 9 3
3 7 3
3 8 3
3 8 3
3 7 3
3 6 3
3 8 3
3 7 3
3 9 3
3 7 3
3 8 3
5 7 5
5 7 5
5 8 5
5 8 5
5 9 5
5 9 5
5 7 5
5 9 5
5 9 5
5 8 5
5 9 5
5 9 5
5 9 5
5 9 5
5 8 5
5 8 5
5 9 5
5 9 5
5 9 5
5 8 5
5 9 5
5 9 5
5 9 5
5 9 5
5 8 5
5 9 5
5 9 5
5 8 5
5 9 5
5 8 5
5 9 5
5 9 5
5 8 5
5 8 5
5 8 5
5 9 5
5 8 5
5 9 5
5 9 5
5 8 5
5 8 5
5 9 5
5 9 5
5 9 5
5 7 5
5 8 5
5 7 5
5 9 5
5 8 5
5 8 5
5 8 5
5 8 5
5 7 5
5 9 5
5 8 5
5 8 5
5 8 5
5 9 5
5 8 5
5 9 5
5 9 5
5 8 5
5 9 5
5 9 5
5 8 5
5 8 5
5 8 5
5 7 5
5 8 5
5 9 5
5 9 5
5 9 5
5 7 5
5 9 5
5 9 5
5 8 5
5 8 5
5 8 5
5 8 5
5 8 5
5 9 5
5 9 5
5 8 5
5 9 5
5 9 5
5 9 5
5 9 5
5 8 5
5 9 5
5 9 5
5 8 5
5 9 5
5 8 5
5 8 5
5 8 5
5 9 5
5 9 5
5 8 5
5 8 5
5 5 5
9 9 9
9 9 9
9 9 9
9 9 9
9 9 9
9 9 9
9 9 9
9 9 9
9 9 9
9 9 9
9 9 9
9 9 9
9 9 9
9 9 9
9 9 9
9 9 9
9 9 9
9 9 9
9 9 9
9 9 9
9 9 9
9 9 9
9 9 9
9 9 9
9 9 9
9 9 9
9 9 9
9 9 9
9 9 9
9 9 9
9 9 9
9 9 9
9 9 9
9 9 9
9 9 9
9 9 9
9 9 9
9 9 9
9 9 9
9 9 9
9 9 9
9 9 9
9 9 9
9 9 9
9 9 9
9 9 9
9 9 9
9 9 9
9 9 9
9 9 9
9 9 9
9 9 9
9 9 9
9 9 9
9 9 9
9 9 9
9 9 9
9 9 9
9 9 9
9 9 9
9 9 9
9 9 9
9 9 9
9 9 9
9 9 9
9 9 9
9 9 9
9 9 9
9 9 9
9 9 9
9 9 9
9 9 9
9 9 9
9 9 9
9 9 9
9 9 9
9 9 9
9 9 9
9 9 9
9 9 9
9 9 9
9 9 9
9 9 9
9 9 9
9 9 9
9 9 9
9 9 9
9 9 9
9 9 9
9 9 9
9 9 9
9 9 9
9 9 9
9 9 9
9 9 9
9 9 9
9 9 9
9 9 9
9 9 9
9 9 9
