1 27 17
1 62 32
1 92 39
1 22 9
1 54 24
1 0 2
1 4 3
1 50 35
1 28 15
1 30 21
1 76 46
1 72 29
1 10 3
1 23 5
1 10 6
1 33 13
1 0 2
1 42 32
1 11 3
1 19 8
1 84 46
1 17 6
1 10 4
1 15 10
1 61 29
1 9 8
1 8 5
1 15 7
1 10 4
1 96 49
1 17 6
1 20 12
1 26 10
1 16 13
1 5 3
1 26 15
1 2 1
1 11 4
1 36 14
1 32 23
1 2 4
1 1 3
1 25 13
1 35 13
1 10 5
1 67 32
1 34 17
1 54 29
1 54 36
1 124 54
1 7 2
1 36 9
1 60 34
1 85 42
1 2 1
1 9 9
1 25 10
1 53 17
1 15 6
1 37 15
1 7 1
1 8 4
1 33 8
1 0 2
1 22 20
1 66 35
1 63 34
1 19 5
1 14 6
1 47 22
1 27 14
1 5 2
1 61 29
1 16 7
1 1 1
1 14 8
1 5 1
1 32 20
1 113 59
1 21 5
1 19 9
1 4 6
1 18 12
1 16 8
1 18 8
1 37 18
1 88 46
1 59 22
1 3 2
1 156 77
1 67 34
1 87 65
1 25 21
1 64 30
1 9 3
1 14 8
1 9 5
1 29 15
1 142 54
1 27 14
