5 26 13
5 43 19
5 76 33
5 55 18
5 37 28
5 92 44
5 105 53
5 165 88
5 45 26
5 172 84
5 47 23
5 115 66
5 29 18
5 71 46
5 73 29
5 80 40
5 50 28
5 91 30
5 34 14
5 95 55
5 40 26
5 58 32
5 38 20
5 70 39
5 34 17
5 160 68
5 35 13
5 144 53
5 95 54
5 90 40
5 48 30
5 91 40
5 28 15
5 79 37
5 90 56
5 72 51
5 53 25
5 74 38
5 61 25
5 66 35
5 60 29
5 102 45
5 65 34
5 147 68
5 47 30
5 28 5
5 35 17
5 114 49
5 64 35
5 59 27
5 48 22
5 129 76
5 198 97
5 40 21
5 168 107
5 57 32
5 35 20
5 49 26
5 76 41
5 68 24
5 25 12
5 176 72
5 107 36
5 66 25
5 29 21
5 34 24
5 103 41
5 61 25
5 55 29
5 18 11
5 34 18
5 59 37
5 62 25
5 160 81
5 91 48
5 97 41
5 45 29
5 73 43
5 65 28
5 68 26
5 179 85
5 73 40
5 85 35
5 55 41
5 54 35
5 69 28
5 97 50
5 75 35
5 95 38
5 79 43
5 95 39
5 44 29
5 54 24
5 101 59
5 87 30
5 29 18
5 104 54
5 46 31
5 36 16
5 76 41
